X Y Z abs real imag
-10 -10 0 4.96725 -4.12605 2.76574
-10 -9 0 4.90898 -4.10369 2.69404
-10 -8 0 4.90459 -4.14227 2.62614
-10 -7 0 4.95779 -4.21854 2.60455
-10 -6 0 5.03577 -4.28826 2.64004
-10 -5 0 5.09686 -4.31649 2.71034
-10 -4 0 5.11698 -4.29581 2.7802
-10 -3 0 5.0978 -4.24362 2.82476
-10 -2 0 5.05889 -4.1863 2.84029
-10 -1 0 5.024 -4.14486 2.83914
-10 1 0 5.024 -4.14486 2.83914
-10 2 0 5.05889 -4.1863 2.84029
-10 3 0 5.0978 -4.24362 2.82476
-10 4 0 5.11698 -4.29581 2.7802
-10 5 0 5.09686 -4.31649 2.71034
-10 6 0 5.03577 -4.28826 2.64004
-10 7 0 4.95779 -4.21854 2.60455
-10 8 0 4.90459 -4.14227 2.62614
-10 9 0 4.90898 -4.10369 2.69404
-10 10 0 4.96725 -4.12605 2.76574
-9 -10 0 4.91556 -4.4674 -2.05063
-9 -9 0 4.96897 -4.48653 -2.13583
-9 -8 0 5.06155 -4.56859 -2.17884
-9 -7 0 5.13053 -4.65979 -2.1468
-9 -6 0 5.13317 -4.70238 -2.0584
-9 -5 0 5.06962 -4.67304 -1.96564
-9 -4 0 4.97511 -4.59156 -1.91554
-9 -3 0 4.89259 -4.49915 -1.92225
-9 -2 0 4.84539 -4.42866 -1.96588
-9 -1 0 4.82921 -4.39034 -2.01151
-9 1 0 4.82921 -4.39034 -2.01151
-9 2 0 4.84539 -4.42866 -1.96588
-9 3 0 4.89259 -4.49915 -1.92225
-9 4 0 4.97511 -4.59156 -1.91554
-9 5 0 5.06962 -4.67304 -1.96564
-9 6 0 5.13317 -4.70238 -2.0584
-9 7 0 5.13053 -4.65979 -2.1468
-9 8 0 5.06155 -4.56859 -2.17884
-9 9 0 4.96897 -4.48653 -2.13583
-9 10 0 4.91556 -4.4674 -2.05063
-8 -10 0 5.01317 -0.633189 -4.97303
-8 -9 0 5.10002 -0.697297 -5.05213
-8 -8 0 5.11295 -0.806899 -5.04888
-8 -7 0 5.03419 -0.880173 -4.95665
-8 -6 0 4.91039 -0.861015 -4.83432
-8 -5 0 4.82056 -0.757713 -4.76064
-8 -4 0 4.82011 -0.630317 -4.77872
-8 -3 0 4.90332 -0.541778 -4.8733
-8 -2 0 5.01813 -0.51471 -4.99166
-8 -1 0 5.10902 -0.525784 -5.08189
-8 1 0 5.10902 -0.525784 -5.08189
-8 2 0 5.01813 -0.51471 -4.99166
-8 3 0 4.90332 -0.541778 -4.8733
-8 4 0 4.82011 -0.630317 -4.77872
-8 5 0 4.82056 -0.757713 -4.76064
-8 6 0 4.91039 -0.861015 -4.83432
-8 7 0 5.03419 -0.880173 -4.95665
-8 8 0 5.11295 -0.806899 -5.04888
-8 9 0 5.10002 -0.697297 -5.05213
-8 10 0 5.01317 -0.633189 -4.97303
-7 -10 0 5.11278 3.8646 -3.34744
-7 -9 0 5.07223 3.75964 -3.40479
-7 -8 0 4.94742 3.64424 -3.34611
-7 -7 0 4.83469 3.61929 -3.20546
-7 -6 0 4.83342 3.72018 -3.0858
-7 -5 0 4.96058 3.88791 -3.08082
-7 -4 0 5.13755 4.01426 -3.20627
-7 -3 0 5.26516 4.02383 -3.39568
-7 -2 0 5.30084 3.92743 -3.56009
-7 -1 0 5.27682 3.80758 -3.65338
-7 1 0 5.27682 3.80758 -3.65338
-7 2 0 5.30084 3.92743 -3.56009
-7 3 0 5.26516 4.02383 -3.39568
-7 4 0 5.13755 4.01426 -3.20627
-7 5 0 4.96058 3.88791 -3.08082
-7 6 0 4.83342 3.72018 -3.0858
-7 7 0 4.83469 3.61929 -3.20546
-7 8 0 4.94742 3.64424 -3.34611
-7 9 0 5.07223 3.75964 -3.40479
-7 10 0 5.11278 3.8646 -3.34744
-6 -10 0 5.06084 4.89317 1.29191
-6 -9 0 4.91905 4.75333 1.26606
-6 -8 0 4.84984 4.64981 1.37847
-6 -7 0 4.93809 4.69007 1.54531
-6 -6 0 5.13413 4.8711 1.62223
-6 -5 0 5.29125 5.06909 1.51714
-6 -4 0 5.27877 5.12413 1.26833
-6 -3 0 5.0627 4.95866 1.02108
-6 -2 0 4.72798 4.63985 0.908609
-6 -1 0 4.43601 4.33735 0.93035
-6 1 0 4.43601 4.33735 0.93035
-6 2 0 4.72798 4.63985 0.908609
-6 3 0 5.0627 4.95866 1.02108
-6 4 0 5.27877 5.12413 1.26833
-6 5 0 5.29125 5.06909 1.51714
-6 6 0 5.13413 4.8711 1.62223
-6 7 0 4.93809 4.69007 1.54531
-6 8 0 4.84984 4.64981 1.37847
-6 9 0 4.91905 4.75333 1.26606
-6 10 0 5.06084 4.89317 1.29191
-5 -10 0 4.87258 1.49787 4.63664
-5 -9 0 4.83403 1.32721 4.64827
-5 -8 0 4.96708 1.24354 4.8089
-5 -7 0 5.16237 1.34905 4.98298
-5 -6 0 5.23903 1.59167 4.99139
-5 -5 0 5.0761 1.77586 4.75532
-5 -4 0 4.69722 1.67978 4.38659
-5 -3 0 4.32854 1.19353 4.16074
-5 -2 0 4.4001 0.359948 4.38535
-5 -1 0 5.36962 -0.844019 5.30287
-5 1 0 5.36962 -0.844019 5.30287
-5 2 0 4.4001 0.359948 4.38535
-5 3 0 4.32854 1.19353 4.16074
-5 4 0 4.69722 1.67978 4.38659
-5 5 0 5.0761 1.77586 4.75532
-5 6 0 5.23903 1.59167 4.99139
-5 7 0 5.16237 1.34905 4.98298
-5 8 0 4.96708 1.24354 4.8089
-5 9 0 4.83403 1.32721 4.64827
-5 10 0 4.87258 1.49787 4.63664
-4 -10 0 4.80639 -3.21921 3.56905
-4 -9 0 4.98045 -3.41756 3.62287
-4 -8 0 5.17521 -3.48199 3.82864
-4 -7 0 5.20491 -3.32288 4.0062
-4 -6 0 4.98357 -3.03931 3.9495
-4 -5 0 4.60926 -2.89543 3.58633
-4 -4 0 4.4618 -3.233 3.07497
-4 -3 0 4.58968 0.673435 -4.54001
-4 -2 0 1.53201 0.75384 -1.33371
-4 -1 0 1.15008 0.615158 -0.971731
-4 1 0 1.15008 0.615158 -0.971731
-4 2 0 1.53201 0.75384 -1.33371
-4 3 0 4.58968 0.673435 -4.54001
-4 4 0 4.4618 -3.233 3.07497
-4 5 0 4.60926 -2.89543 3.58633
-4 6 0 4.98357 -3.03931 3.9495
-4 7 0 5.20491 -3.32288 4.0062
-4 8 0 5.17521 -3.48199 3.82864
-4 9 0 4.98045 -3.41756 3.62287
-4 10 0 4.80639 -3.21921 3.56905
-3 -10 0 5.04226 -4.94868 -0.966901
-3 -9 0 5.24038 -5.16784 -0.868959
-3 -8 0 5.25361 -5.21693 -0.619714
-3 -7 0 5.03767 -5.01962 -0.426085
-3 -6 0 4.72953 -4.70214 -0.508278
-3 -5 0 4.66784 -4.56743 -0.962971
-3 -4 0 4.22079 4.12598 -0.889559
-3 -3 0 1.21608 1.0919 0.535359
-3 -2 0 1.13263 0.883535 0.70868
-3 -1 0 1.23373 0.824784 0.917509
-3 1 0 1.23373 0.824784 0.917509
-3 2 0 1.13263 0.883535 0.70868
-3 3 0 1.21608 1.0919 0.535359
-3 4 0 4.22079 4.12598 -0.889559
-3 5 0 4.66784 -4.56743 -0.962971
-3 6 0 4.72953 -4.70214 -0.508278
-3 7 0 5.03767 -5.01962 -0.426085
-3 8 0 5.25361 -5.21693 -0.619714
-3 9 0 5.24038 -5.16784 -0.868959
-3 10 0 5.04226 -4.94868 -0.966901
-2 -10 0 5.27731 -2.13145 -4.82772
-2 -9 0 5.25074 -2.35637 -4.69231
-2 -8 0 5.01704 -2.39273 -4.40971
-2 -7 0 4.71665 -2.17393 -4.18579
-2 -6 0 4.6019 -1.81605 -4.22841
-2 -5 0 4.92682 -1.55194 -4.676
-2 -4 0 1.7278 -0.075397 1.72615
-2 -3 0 1.05536 -0.369102 0.988707
-2 -2 0 0.666637 -0.214113 0.631316
-2 -1 0 0.680153 -0.0951408 0.673466
-2 1 0 0.680153 -0.0951408 0.673466
-2 2 0 0.666637 -0.214113 0.631316
-2 3 0 1.05536 -0.369102 0.988707
-2 4 0 1.7278 -0.075397 1.72615
-2 5 0 4.92682 -1.55194 -4.676
-2 6 0 4.6019 -1.81605 -4.22841
-2 7 0 4.71665 -2.17393 -4.18579
-2 8 0 5.01704 -2.39273 -4.40971
-2 9 0 5.25074 -2.35637 -4.69231
-2 10 0 5.27731 -2.13145 -4.82772
-1 -10 0 5.18084 2.61369 -4.47322
-1 -9 0 4.94533 2.40665 -4.32022
-1 -8 0 4.68523 2.38257 -4.0342
-1 -7 0 4.59525 2.59942 -3.78937
-1 -6 0 4.79475 2.99259 -3.7462
-1 -5 0 5.51781 3.74224 -4.05485
-1 -4 0 1.4419 -1.23117 0.750538
-1 -3 0 0.901689 -0.854651 -0.287428
-1 -2 0 1.00526 -0.596935 -0.808835
-1 -1 0 0.905562 -0.523589 -0.738848
-1 1 0 0.905562 -0.523589 -0.738848
-1 2 0 1.00526 -0.596935 -0.808835
-1 3 0 0.901689 -0.854651 -0.287428
-1 4 0 1.4419 -1.23117 0.750538
-1 5 0 5.51781 3.74224 -4.05485
-1 6 0 4.79475 2.99259 -3.7462
-1 7 0 4.59525 2.59942 -3.78937
-1 8 0 4.68523 2.38257 -4.0342
-1 9 0 4.94533 2.40665 -4.32022
-1 10 0 5.18084 2.61369 -4.47322
1 -10 0 4.84177 2.62009 4.0716
1 -9 0 4.88346 2.53247 4.17549
1 -8 0 5.00993 2.54081 4.31783
1 -7 0 5.17018 2.64063 4.44498
1 -6 0 5.39231 2.8622 4.56999
1 -5 0 6.33492 4.16493 4.77332
1 -4 0 1.56886 1.44157 -0.619026
1 -3 0 0.945361 0.92181 -0.209697
1 -2 0 0.32432 0.287423 0.150237
1 -1 0 0.811009 0.282343 0.760275
1 1 0 0.811009 0.282343 0.760275
1 2 0 0.32432 0.287423 0.150237
1 3 0 0.945361 0.92181 -0.209697
1 4 0 1.56886 1.44157 -0.619026
1 5 0 6.33492 4.16493 4.77332
1 6 0 5.39231 2.8622 4.56999
1 7 0 5.17018 2.64063 4.44498
1 8 0 5.00993 2.54081 4.31783
1 9 0 4.88346 2.53247 4.17549
1 10 0 4.84177 2.62009 4.0716
2 -10 0 4.99097 -2.14151 4.50818
2 -9 0 5.04524 -2.13714 4.57024
2 -8 0 5.04348 -2.09228 4.58902
2 -7 0 5.01767 -2.08099 4.56579
2 -6 0 5.07913 -2.12658 4.6125
2 -5 0 5.37373 -1.96494 5.0016
2 -4 0 1.86406 1.85675 0.164976
2 -3 0 0.781934 0.0920983 0.776491
2 -2 0 0.992846 -0.603905 0.788062
2 -1 0 0.97517 0.218282 0.950426
2 1 0 0.97517 0.218282 0.950426
2 2 0 0.992846 -0.603905 0.788062
2 3 0 0.781934 0.0920983 0.776491
2 4 0 1.86406 1.85675 0.164976
2 5 0 5.37373 -1.96494 5.0016
2 6 0 5.07913 -2.12658 4.6125
2 7 0 5.01767 -2.08099 4.56579
2 8 0 5.04348 -2.09228 4.58902
2 9 0 5.04524 -2.13714 4.57024
2 10 0 4.99097 -2.14151 4.50818
3 -10 0 5.06971 -5.01163 0.765184
3 -9 0 4.97927 -4.91306 0.809265
3 -8 0 4.85733 -4.80296 0.724772
3 -7 0 4.85554 -4.82565 0.537933
3 -6 0 5.09228 -5.07558 0.412129
3 -5 0 5.57924 -5.54647 0.603804
3 -4 0 3.30296 2.91786 1.54778
3 -3 0 1.82475 -1.52855 0.996624
3 -2 0 1.81295 -1.81161 -0.0695641
3 -1 0 0.808469 0.114222 -0.800359
3 1 0 0.808469 0.114222 -0.800359
3 2 0 1.81295 -1.81161 -0.0695641
3 3 0 1.82475 -1.52855 0.996624
3 4 0 3.30296 2.91786 1.54778
3 5 0 5.57924 -5.54647 0.603804
3 6 0 5.09228 -5.07558 0.412129
3 7 0 4.85554 -4.82565 0.537933
3 8 0 4.85733 -4.80296 0.724772
3 9 0 4.97927 -4.91306 0.809265
3 10 0 5.06971 -5.01163 0.765184
4 -10 0 4.96928 -3.36974 -3.65221
4 -9 0 4.8046 -3.20038 -3.58354
4 -8 0 4.77115 -3.00571 -3.70534
4 -7 0 4.98295 -2.9729 -3.99896
4 -6 0 5.37636 -3.23148 -4.29684
4 -5 0 5.79575 -3.7791 -4.39422
4 -4 0 6.25939 -4.63689 -4.20467
4 -3 0 4.99274 -2.27593 4.44383
4 -2 0 2.43856 -2.40146 -0.423741
4 -1 0 1.90046 -0.0373331 -1.90009
4 1 0 1.90046 -0.0373331 -1.90009
4 2 0 2.43856 -2.40146 -0.423741
4 3 0 4.99274 -2.27593 4.44383
4 4 0 6.25939 -4.63689 -4.20467
4 5 0 5.79575 -3.7791 -4.39422
4 6 0 5.37636 -3.23148 -4.29684
4 7 0 4.98295 -2.9729 -3.99896
4 8 0 4.77115 -3.00571 -3.70534
4 9 0 4.8046 -3.20038 -3.58354
4 10 0 4.96928 -3.36974 -3.65221
5 -10 0 4.80909 1.24434 -4.64531
5 -9 0 4.73818 1.43386 -4.51601
5 -8 0 4.89624 1.69554 -4.59329
5 -7 0 5.21923 1.83472 -4.88612
5 -6 0 5.51959 1.71429 -5.24662
5 -5 0 5.65535 1.36857 -5.48725
5 -4 0 5.65396 0.986464 -5.56724
5 -3 0 5.76909 0.784743 -5.71547
5 -2 0 6.44473 0.897197 -6.38198
5 -1 0 8.11814 1.15153 -8.03606
5 1 0 8.11814 1.15153 -8.03606
5 2 0 6.44473 0.897197 -6.38198
5 3 0 5.76909 0.784743 -5.71547
5 4 0 5.65396 0.986464 -5.56724
5 5 0 5.65535 1.36857 -5.48725
5 6 0 5.51959 1.71429 -5.24662
5 7 0 5.21923 1.83472 -4.88612
5 8 0 4.89624 1.69554 -4.59329
5 9 0 4.73818 1.43386 -4.51601
5 10 0 4.80909 1.24434 -4.64531
6 -10 0 4.73744 4.55531 -1.30094
6 -9 0 4.83077 4.7022 -1.10709
6 -8 0 5.08999 4.9726 -1.08684
6 -7 0 5.34764 5.19155 -1.28259
6 -6 0 5.4539 5.22043 -1.57863
6 -5 0 5.39022 5.08374 -1.79164
6 -4 0 5.30421 4.97864 -1.8297
6 -3 0 5.44795 5.14844 -1.7815
6 -2 0 5.97424 5.6885 -1.82552
6 -1 0 6.68172 6.37523 -2.00045
6 1 0 6.68172 6.37523 -2.00045
6 2 0 5.97424 5.6885 -1.82552
6 3 0 5.44795 5.14844 -1.7815
6 4 0 5.30421 4.97864 -1.8297
6 5 0 5.39022 5.08374 -1.79164
6 6 0 5.4539 5.22043 -1.57863
6 7 0 5.34764 5.19155 -1.28259
6 8 0 5.08999 4.9726 -1.08684
6 9 0 4.83077 4.7022 -1.10709
6 10 0 4.73744 4.55531 -1.30094
7 -10 0 4.79028 3.49888 3.27179
7 -9 0 4.98626 3.55636 3.49501
7 -8 0 5.21664 3.76658 3.60919
7 -7 0 5.33576 3.99048 3.54209
7 -6 0 5.29703 4.08924 3.367
7 -5 0 5.18923 4.04624 3.249
7 -4 0 5.19015 3.99389 3.31458
7 -3 0 5.43381 4.11031 3.5541
7 -2 0 5.88078 4.45209 3.8422
7 -1 0 6.32347 4.85687 4.04933
7 1 0 6.32347 4.85687 4.04933
7 2 0 5.88078 4.45209 3.8422
7 3 0 5.43381 4.11031 3.5541
7 4 0 5.19015 3.99389 3.31458
7 5 0 5.18923 4.04624 3.249
7 6 0 5.29703 4.08924 3.367
7 7 0 5.33576 3.99048 3.54209
7 8 0 5.21664 3.76658 3.60919
7 9 0 4.98626 3.55636 3.49501
7 10 0 4.79028 3.49888 3.27179
8 -10 0 4.90794 -0.948064 4.8155
8 -9 0 5.10911 -0.987324 5.01281
8 -8 0 5.2446 -0.876326 5.17087
8 -7 0 5.24506 -0.709686 5.19683
8 -6 0 5.15258 -0.618552 5.11531
8 -5 0 5.09527 -0.663145 5.05193
8 -4 0 5.19561 -0.785484 5.13589
8 -3 0 5.46919 -0.864429 5.40045
8 -2 0 5.81705 -0.828378 5.75776
8 -1 0 6.1008 -0.724111 6.05767
8 1 0 6.1008 -0.724111 6.05767
8 2 0 5.81705 -0.828378 5.75776
8 3 0 5.46919 -0.864429 5.40045
8 4 0 5.19561 -0.785484 5.13589
8 5 0 5.09527 -0.663145 5.05193
8 6 0 5.15258 -0.618552 5.11531
8 7 0 5.24506 -0.709686 5.19683
8 8 0 5.2446 -0.876326 5.17087
8 9 0 5.10911 -0.987324 5.01281
8 10 0 4.90794 -0.948064 4.8155
9 -10 0 5.02033 -4.66315 1.85979
9 -9 0 5.16438 -4.76645 1.98792
9 -8 0 5.20296 -4.74611 2.13195
9 -7 0 5.13988 -4.64928 2.19148
9 -6 0 5.06217 -4.58531 2.14487
9 -5 0 5.0792 -4.64063 2.06466
9 -4 0 5.23863 -4.81725 2.05848
9 -3 0 5.49439 -5.04156 2.18427
9 -2 0 5.75441 -5.22769 2.40509
9 -1 0 5.93992 -5.33442 2.61277
9 1 0 5.93992 -5.33442 2.61277
9 2 0 5.75441 -5.22769 2.40509
9 3 0 5.49439 -5.04156 2.18427
9 4 0 5.23863 -4.81725 2.05848
9 5 0 5.0792 -4.64063 2.06466
9 6 0 5.06217 -4.58531 2.14487
9 7 0 5.13988 -4.64928 2.19148
9 8 0 5.20296 -4.74611 2.13195
9 9 0 5.16438 -4.76645 1.98792
9 10 0 5.02033 -4.66315 1.85979
10 -10 0 5.09107 -4.17755 -2.90982
10 -9 0 5.1606 -4.29541 -2.86029
10 -8 0 5.13234 -4.32662 -2.76067
10 -7 0 5.05678 -4.27343 -2.70349
10 -6 0 5.02498 -4.20947 -2.74423
10 -5 0 5.10246 -4.22292 -2.86391
10 -4 0 5.28243 -4.35442 -2.9905
10 -3 0 5.50191 -4.57453 -3.05689
10 -2 0 5.69348 -4.80883 -3.0481
10 -1 0 5.81718 -4.98155 -3.00395
10 1 0 5.81718 -4.98155 -3.00395
10 2 0 5.69348 -4.80883 -3.0481
10 3 0 5.50191 -4.57453 -3.05689
10 4 0 5.28243 -4.35442 -2.9905
10 5 0 5.10246 -4.22292 -2.86391
10 6 0 5.02498 -4.20947 -2.74423
10 7 0 5.05678 -4.27343 -2.70349
10 8 0 5.13234 -4.32662 -2.76067
10 9 0 5.1606 -4.29541 -2.86029
10 10 0 5.09107 -4.17755 -2.90982
