-0.995 5.94988 5.95012
-0.985 5.85088 5.85112
-0.975 5.75289 5.75312
-0.965 5.65589 5.65613
-0.955 5.5599 5.56012
-0.945 5.4649 5.46512
-0.935 5.37091 5.37112
-0.925 5.27791 5.27812
-0.915 5.18592 5.18613
-0.905 5.09492 5.09513
-0.895 5.00492 5.00512
-0.885 4.91593 4.91613
-0.875 4.82793 4.82812
-0.865 4.74094 4.74113
-0.855 4.65494 4.65512
-0.845 4.56995 4.57012
-0.835 4.48595 4.48612
-0.825 4.40295 4.40312
-0.815 4.32096 4.32113
-0.805 4.23996 4.24013
-0.795 4.15997 4.16013
-0.785 4.08097 4.08113
-0.775 4.00297 4.00313
-0.765 3.92598 3.92613
-0.755 3.84998 3.85012
-0.745 3.77499 3.77513
-0.735 3.70099 3.70112
-0.725 3.62799 3.62812
-0.715 3.556 3.55612
-0.705 3.485 3.48512
-0.695 3.415 3.41512
-0.685 3.34601 3.34612
-0.675 3.27801 3.27812
-0.665 3.21101 3.21112
-0.655 3.14502 3.14512
-0.645 3.08002 3.08012
-0.635 3.01602 3.01612
-0.625 2.95303 2.95312
-0.615 2.89103 2.89113
-0.605 2.83003 2.83012
-0.595 2.77004 2.77012
-0.585 2.71104 2.71113
-0.575 2.65304 2.65313
-0.565 2.59605 2.59613
-0.555 2.54005 2.54013
-0.545 2.48505 2.48513
-0.535 2.43105 2.43113
-0.525 2.37806 2.37812
-0.515 2.32606 2.32613
-0.505 2.27506 2.27513
-0.495 2.22506 2.22513
-0.485 2.17607 2.17612
-0.475 2.12807 2.12812
-0.465 2.08107 2.08113
-0.455 2.03507 2.03512
-0.445 1.99008 1.99012
-0.435 1.94608 1.94612
-0.425 1.90308 1.90312
-0.415 1.86108 1.86113
-0.405 1.82008 1.82013
-0.395 1.78009 1.78012
-0.385 1.74109 1.74113
-0.375 1.70309 1.70312
-0.365 1.66609 1.66613
-0.355 1.63009 1.63013
-0.345 1.5951 1.59512
-0.335 1.5611 1.56112
-0.325 1.5281 1.52812
-0.315 1.4961 1.49612
-0.305 1.4651 1.46512
-0.295 1.4351 1.43512
-0.285 1.4061 1.40613
-0.275 1.37811 1.37813
-0.265 1.35111 1.35113
-0.255 1.32511 1.32512
-0.245 1.30011 1.30012
-0.235 1.27611 1.27612
-0.225 1.25311 1.25313
-0.215 1.23111 1.23113
-0.205 1.21011 1.21012
-0.195 1.19012 1.19012
-0.185 1.17112 1.17112
-0.175 1.15312 1.15312
-0.165 1.13612 1.13612
-0.155 1.12012 1.12013
-0.145 1.10512 1.10513
-0.135 1.09112 1.09112
-0.125 1.07812 1.07812
-0.115 1.06612 1.06612
-0.105 1.05512 1.05512
-0.095 1.04512 1.04513
-0.085 1.03612 1.03612
-0.075 1.02812 1.02812
-0.065 1.02112 1.02113
-0.055 1.01512 1.01513
-0.045 1.01012 1.01012
-0.035 1.00612 1.00612
-0.025 1.00312 1.00313
-0.015 1.00112 1.00113
-0.005 1.00012 1.00012
0.005 1.00012 1.00012
0.015 1.00112 1.00113
0.025 1.00312 1.00313
0.035 1.00612 1.00612
0.045 1.01012 1.01012
0.055 1.01512 1.01513
0.065 1.02112 1.02113
0.075 1.02812 1.02812
0.085 1.03612 1.03612
0.095 1.04512 1.04513
0.105 1.05512 1.05513
0.115 1.06612 1.06613
0.125 1.07812 1.07813
0.135 1.09112 1.09113
0.145 1.10512 1.10513
0.155 1.12012 1.12013
0.165 1.13612 1.13612
0.175 1.15312 1.15312
0.185 1.17112 1.17112
0.195 1.19012 1.19012
0.205 1.21011 1.21012
0.215 1.23111 1.23113
0.225 1.25311 1.25313
0.235 1.27611 1.27612
0.245 1.30011 1.30012
0.255 1.32511 1.32512
0.265 1.35111 1.35113
0.275 1.37811 1.37813
0.285 1.4061 1.40613
0.295 1.4351 1.43513
0.305 1.4651 1.46513
0.315 1.4961 1.49613
0.325 1.5281 1.52813
0.335 1.5611 1.56113
0.345 1.5951 1.59513
0.355 1.63009 1.63013
0.365 1.66609 1.66613
0.375 1.70309 1.70313
0.385 1.74109 1.74113
0.395 1.78009 1.78013
0.405 1.82008 1.82013
0.415 1.86108 1.86112
0.425 1.90308 1.90312
0.435 1.94608 1.94612
0.445 1.99008 1.99012
0.455 2.03507 2.03512
0.465 2.08107 2.08113
0.475 2.12807 2.12812
0.485 2.17607 2.17612
0.495 2.22506 2.22513
0.505 2.27506 2.27513
0.515 2.32606 2.32613
0.525 2.37806 2.37812
0.535 2.43105 2.43113
0.545 2.48505 2.48513
0.555 2.54005 2.54013
0.565 2.59605 2.59613
0.575 2.65304 2.65313
0.585 2.71104 2.71113
0.595 2.77004 2.77013
0.605 2.83003 2.83013
0.615 2.89103 2.89113
0.625 2.95303 2.95313
0.635 3.01602 3.01613
0.645 3.08002 3.08013
0.655 3.14502 3.14513
0.665 3.21101 3.21113
0.675 3.27801 3.27812
0.685 3.34601 3.34612
0.695 3.415 3.41512
0.705 3.485 3.48512
0.715 3.556 3.55612
0.725 3.62799 3.62812
0.735 3.70099 3.70112
0.745 3.77499 3.77513
0.755 3.84998 3.85012
0.765 3.92598 3.92613
0.775 4.00297 4.00313
0.785 4.08097 4.08113
0.795 4.15997 4.16013
0.805 4.23996 4.24013
0.815 4.32096 4.32113
0.825 4.40295 4.40313
0.835 4.48595 4.48613
0.845 4.56995 4.57013
0.855 4.65494 4.65513
0.865 4.74094 4.74113
0.875 4.82793 4.82813
0.885 4.91593 4.91613
0.895 5.00492 5.00513
0.905 5.09492 5.09513
0.915 5.18592 5.18613
0.925 5.27791 5.27812
0.935 5.37091 5.37112
0.945 5.4649 5.46512
0.955 5.5599 5.56012
0.965 5.65589 5.65613
0.975 5.75289 5.75312
0.985 5.85088 5.85112
0.995 5.94988 5.95012
